# this file was generated by the following command(s):
#   /home/mark/work/jazzparser/lib/candc/bin/train_super --model /home/mark/work/jazzparser/etc/candc_data/chords --comment "Model trained automatically on chord data in file /tmp/tmpBAPLXp" --input /tmp/tmp_x0fMb --super-tagdict //tagdict --super-cutoff_words 0 --super-category_cutoff 0 --super-tagdict_min 0 --super-beam_ratio 0.0 --super-tagdict_ratio 10000 --super-beam_width 20 --super-cutoff_default 0 --sigma 0.85

2 0 1
3 0 2
4 0 4
5 0 3
6 0 1651
7 0 44
8 0 9
9 0 5
10 0 2
11 0 2
12 0 131
13 0 187
14 0 19
15 0 2
16 0 3
17 0 27
18 0 1
19 0 10
20 0 4
21 0 4
22 0 8
23 0 27
24 0 9
25 0 6
26 0 679
27 0 10
28 0 11
29 0 42
30 0 43
31 0 12
32 0 3
33 0 113
34 0 3
35 0 7
2 1 1
3 1 2
4 1 4
5 1 3
6 1 1651
7 1 44
8 1 9
9 1 5
10 1 2
11 1 2
12 1 131
13 1 187
14 1 19
15 1 2
16 1 3
17 1 27
18 1 1
19 1 10
20 1 4
21 1 4
22 1 8
23 1 27
24 1 9
25 1 6
26 1 603
27 1 10
28 1 11
29 1 42
30 1 43
31 1 12
32 1 3
33 1 113
34 1 3
35 1 7
2 2 1
3 2 2
4 2 4
5 2 3
6 2 1641
7 2 44
8 2 9
9 2 5
10 2 2
11 2 2
12 2 130
13 2 186
14 2 19
15 2 2
16 2 3
17 2 27
18 2 1
19 2 10
20 2 4
21 2 4
22 2 8
23 2 27
24 2 9
25 2 6
26 2 632
27 2 9
28 2 11
29 2 42
30 2 43
31 2 12
32 2 3
33 2 97
34 2 3
35 2 7
2 3 1
3 3 2
4 3 4
5 3 3
6 3 1641
7 3 44
8 3 9
9 3 5
10 3 2
11 3 2
12 3 130
13 3 186
14 3 19
15 3 2
16 3 3
17 3 27
18 3 1
19 3 10
20 3 4
21 3 4
22 3 8
23 3 27
24 3 9
25 3 6
26 3 632
27 3 9
28 3 11
29 3 42
30 3 43
31 3 12
32 3 3
33 3 97
34 3 3
35 3 7
2 4 1
3 4 2
4 4 4
5 4 3
6 4 1651
7 4 44
8 4 9
9 4 5
10 4 2
11 4 2
12 4 131
13 4 187
14 4 19
15 4 2
16 4 3
17 4 27
18 4 1
19 4 10
20 4 4
21 4 4
22 4 8
23 4 27
24 4 9
25 4 6
26 4 603
27 4 10
28 4 11
29 4 42
30 4 43
31 4 12
32 4 3
33 4 113
34 4 3
35 4 7
2 5 1
3 5 2
4 5 4
5 5 3
6 5 1596
7 5 40
8 5 9
9 5 5
10 5 2
11 5 2
12 5 127
13 5 184
14 5 18
15 5 2
16 5 3
17 5 27
18 5 1
19 5 10
20 5 4
21 5 4
22 5 8
23 5 27
24 5 9
25 5 6
26 5 626
27 5 8
28 5 10
29 5 34
30 5 40
31 5 12
32 5 3
33 5 96
34 5 2
35 5 7
2 6 1
3 6 2
4 6 4
5 6 3
6 6 1596
7 6 40
8 6 9
9 6 5
10 6 2
11 6 2
12 6 127
13 6 184
14 6 18
15 6 2
16 6 3
17 6 27
18 6 1
19 6 10
20 6 4
21 6 4
22 6 8
23 6 27
24 6 9
25 6 6
26 6 626
27 6 8
28 6 10
29 6 34
30 6 40
31 6 12
32 6 3
33 6 96
34 6 2
35 6 7
2 7 1
3 7 2
4 7 4
5 7 3
6 7 1589
7 7 44
8 7 9
9 7 5
10 7 2
11 7 1
12 7 131
13 7 185
14 7 19
15 7 2
16 7 3
17 7 27
18 7 1
19 7 10
20 7 3
21 7 4
22 7 8
23 7 26
24 7 9
25 7 6
26 7 603
27 7 10
28 7 11
29 7 37
30 7 43
31 7 12
32 7 3
33 7 110
34 7 3
35 7 6
2 8 1
3 8 2
4 8 4
5 8 3
6 8 1641
7 8 44
8 8 9
9 8 5
10 8 2
11 8 2
12 8 130
13 8 186
14 8 19
15 8 2
16 8 3
17 8 27
18 8 1
19 8 10
20 8 4
21 8 4
22 8 8
23 8 27
24 8 9
25 8 6
26 8 556
27 8 9
28 8 11
29 8 42
30 8 43
31 8 12
32 8 3
33 8 97
34 8 3
35 8 7
2 9 1
3 9 2
4 9 4
5 9 3
6 9 1589
7 9 44
8 9 9
9 9 5
10 9 2
11 9 1
12 9 131
13 9 185
14 9 19
15 9 2
16 9 3
17 9 27
18 9 1
19 9 10
20 9 3
21 9 4
22 9 8
23 9 26
24 9 9
25 9 6
26 9 603
27 9 10
28 9 11
29 9 37
30 9 43
31 9 12
32 9 3
33 9 110
34 9 3
35 9 6
5 10 1
6 10 919
7 10 9
8 10 5
9 10 3
11 10 1
12 10 79
13 10 80
14 10 1
17 10 8
18 10 1
19 10 2
20 10 1
26 10 470
27 10 1
29 10 4
31 10 5
33 10 61
5 11 1
6 11 424
7 11 5
8 11 2
9 11 2
11 11 1
12 11 46
13 11 31
17 11 5
19 11 2
26 11 345
27 11 1
31 11 5
33 11 49
6 12 202
7 12 3
10 12 1
12 12 19
13 12 25
14 12 2
16 12 1
20 12 1
23 12 1
26 12 395
29 12 15
30 12 6
33 12 43
6 13 660
7 13 3
13 13 27
26 13 9
33 13 15
6 14 476
7 14 1
8 14 7
12 14 20
13 14 59
14 14 1
16 14 1
17 14 8
23 14 1
26 14 115
29 14 8
30 14 9
31 14 1
33 14 3
3 15 2
6 15 297
7 15 7
9 15 1
10 15 2
12 15 40
13 15 63
14 15 8
15 15 1
17 15 10
19 15 1
22 15 7
23 15 9
26 15 193
28 15 8
29 15 8
30 15 23
31 15 1
33 15 12
34 15 1
35 15 1
3 16 2
6 16 378
7 16 18
8 16 2
9 16 1
11 16 1
12 16 21
13 16 49
14 16 2
15 16 1
17 16 5
19 16 7
22 16 7
23 16 13
24 16 4
26 16 79
27 16 6
28 16 2
29 16 13
30 16 25
31 16 1
32 16 1
33 16 25
35 16 1
2 17 1
3 17 2
4 17 2
6 17 409
7 17 18
8 17 3
10 17 1
12 17 21
13 17 36
14 17 3
16 17 1
17 17 6
19 17 7
21 17 1
22 17 7
23 17 18
24 17 6
26 17 9
28 17 8
30 17 40
32 17 1
33 17 3
5 18 1
6 18 489
7 18 6
9 18 2
12 18 42
13 18 14
14 18 10
24 18 2
26 18 7
29 18 1
30 18 5
4 19 1
6 19 529
7 19 6
9 19 2
13 19 22
26 19 13
31 19 5
33 19 1
5 20 1
6 20 245
7 20 2
9 20 1
11 20 1
12 20 14
13 20 17
14 20 1
17 20 5
23 20 3
26 20 256
27 20 1
30 20 1
31 20 4
33 20 25
5 21 1
6 21 219
7 21 8
8 21 1
9 21 2
12 21 51
13 21 47
14 21 8
17 21 12
23 21 1
26 21 198
28 21 5
29 21 2
30 21 13
31 21 4
33 21 2
2 22 1
4 22 2
6 22 343
7 22 7
8 22 5
9 22 3
12 22 8
13 22 22
17 22 3
19 22 1
23 22 2
24 22 1
26 22 129
27 22 3
29 22 5
30 22 4
31 22 8
33 22 10
6 23 295
7 23 1
9 23 1
12 23 16
13 23 22
17 23 1
26 23 67
29 23 4
33 23 2
3 24 2
6 24 283
7 24 16
8 24 1
12 24 11
13 24 18
14 24 2
17 24 3
19 24 5
22 24 7
23 24 16
24 24 5
26 24 6
28 24 4
30 24 26
32 24 1
33 24 2
6 25 108
7 25 1
12 25 7
13 25 46
14 25 13
26 25 12
6 26 62
11 26 1
13 26 2
20 26 1
23 26 1
26 26 76
29 26 5
33 26 3
35 26 1
6 27 55
7 27 4
12 27 4
13 27 3
14 27 1
26 27 53
27 27 2
28 27 1
29 27 8
30 27 3
33 27 17
34 27 1
6 28 62
11 28 1
13 28 2
20 28 1
23 28 1
26 28 76
29 28 5
33 28 3
35 28 1
6 29 55
7 29 4
12 29 4
13 29 3
14 29 1
26 29 53
27 29 2
28 29 1
29 29 8
30 29 3
33 29 17
34 29 1
6 30 53
7 30 2
12 30 9
13 30 3
17 30 3
26 30 51
33 30 12
6 31 116
12 31 11
13 31 4
26 31 2
6 32 129
13 32 4
3 33 2
6 33 46
7 33 2
10 33 1
12 33 10
13 33 1
14 33 4
26 33 58
30 33 5
31 33 1
34 33 2
6 34 88
7 34 5
8 34 1
11 34 1
12 34 13
13 34 17
16 34 2
17 34 4
6 35 70
7 35 2
12 35 10
13 35 7
18 35 1
19 35 3
23 35 1
26 35 21
29 35 1
32 35 1
33 35 6
35 35 3
26 36 43
27 36 8
29 36 38
33 36 15
34 36 3
35 36 6
6 37 58
12 37 3
13 37 18
14 37 1
18 37 1
26 37 22
33 37 5
6 38 15
13 38 83
26 38 4
30 38 1
6 39 74
12 39 7
13 39 14
17 39 1
26 39 7
4 40 1
6 40 54
12 40 12
13 40 14
14 40 1
26 40 17
28 40 3
6 41 55
12 41 2
13 41 19
18 41 1
26 41 21
33 41 4
6 42 39
12 42 2
13 42 19
14 42 4
19 42 1
21 42 3
23 42 1
26 42 21
30 42 2
31 42 3
33 42 5
34 42 1
5 43 1
6 43 72
7 43 5
12 43 6
13 43 4
23 43 11
26 43 2
5 44 1
12 44 64
14 44 1
24 44 2
26 44 31
33 44 2
4 45 1
6 45 45
7 45 6
12 45 6
13 45 2
14 45 1
26 45 36
33 45 2
6 46 69
7 46 2
12 46 4
13 46 2
17 46 1
19 46 2
26 46 13
29 46 4
6 47 38
12 47 12
13 47 5
14 47 1
23 47 1
26 47 30
30 47 1
33 47 7
6 48 44
10 48 1
13 48 3
23 48 6
26 48 14
29 48 3
33 48 17
6 49 54
7 49 1
12 49 10
13 49 1
17 49 2
20 49 1
26 49 16
33 49 3
6 50 46
13 50 2
23 50 10
26 50 11
29 50 19
6 51 55
13 51 2
23 51 2
26 51 25
27 51 1
33 51 3
4 52 1
6 52 56
8 52 2
12 52 7
13 52 3
23 52 1
26 52 8
29 52 5
30 52 1
33 52 1
6 53 45
12 53 5
13 53 4
14 53 1
15 53 1
17 53 3
26 53 13
29 53 3
33 53 6
6 54 56
12 54 4
13 54 7
14 54 4
26 54 9
6 55 52
7 55 4
8 55 1
11 55 1
12 55 7
13 55 10
17 55 4
26 56 76
26 57 76
26 58 76
6 59 10
12 59 1
13 59 1
26 59 47
27 59 1
33 59 16
26 60 76
26 61 76
6 62 45
7 62 4
12 62 3
13 62 2
14 62 1
26 62 6
27 62 1
28 62 1
29 62 8
30 62 3
33 62 1
34 62 1
6 63 10
12 63 1
13 63 1
26 63 47
27 63 1
33 63 16
6 64 10
12 64 1
13 64 1
26 64 47
27 64 1
33 64 16
6 65 10
12 65 1
13 65 1
26 65 47
27 65 1
33 65 16
6 66 10
12 66 1
13 66 1
26 66 47
27 66 1
33 66 16
6 67 10
12 67 1
13 67 1
26 67 47
27 67 1
33 67 16
6 68 62
11 68 1
13 68 2
20 68 1
23 68 1
29 68 5
33 68 3
35 68 1
6 69 10
12 69 1
13 69 1
26 69 47
27 69 1
33 69 16
6 70 19
12 70 5
26 70 40
33 70 8
6 71 45
12 71 6
13 71 8
26 71 13
6 72 72
5 73 1
6 73 32
7 73 5
12 73 5
13 73 1
14 73 1
17 73 1
22 73 1
26 73 24
6 74 41
7 74 4
12 74 6
13 74 5
14 74 2
17 74 1
26 74 2
29 74 2
35 74 5
12 75 2
26 75 45
33 75 17
6 76 39
7 76 1
8 76 1
9 76 1
12 76 2
13 76 2
14 76 1
17 76 1
22 76 1
26 76 12
30 76 3
6 77 40
7 77 1
12 77 1
13 77 4
23 77 1
26 77 17
26 78 23
27 78 7
29 78 17
33 78 8
35 78 6
8 79 2
25 79 6
26 79 51
30 79 1
6 80 42
12 80 4
13 80 1
19 80 3
23 80 3
24 80 6
26 80 1
6 81 40
12 81 6
13 81 1
25 81 6
26 81 6
30 81 1
4 82 1
6 82 43
7 82 3
13 82 2
22 82 1
26 82 3
33 82 4
6 83 35
7 83 1
12 83 2
25 83 3
26 83 13
33 83 3
6 84 42
7 84 2
12 84 1
19 84 2
24 84 6
26 84 3
33 84 1
5 85 1
6 85 46
12 85 1
13 85 1
26 85 5
29 85 1
30 85 1
5 86 1
6 86 37
12 86 5
13 86 7
5 87 1
6 87 42
13 87 1
18 87 1
31 87 5
6 88 34
7 88 4
12 88 1
13 88 2
22 88 3
23 88 4
26 88 2
6 89 33
8 89 3
13 89 1
26 89 11
30 89 2
6 90 24
7 90 3
12 90 1
13 90 7
14 90 1
26 90 13
6 91 35
7 91 2
12 91 3
13 91 2
14 91 1
28 91 1
30 91 3
6 92 12
7 92 1
13 92 30
14 92 3
6 93 6
7 93 7
8 93 1
13 93 1
14 93 1
23 93 1
26 93 4
29 93 10
30 93 14
6 94 3
23 94 1
26 94 30
30 94 1
33 94 10
6 95 19
7 95 11
12 95 3
13 95 1
26 95 7
33 95 3
4 96 1
6 96 20
12 96 2
13 96 2
14 96 1
19 96 1
21 96 1
23 96 1
26 96 8
33 96 7
4 97 1
6 97 32
13 97 1
19 97 1
21 97 1
24 97 1
26 97 2
29 97 4
6 98 34
8 98 1
26 98 4
33 98 4
6 99 35
13 99 6
26 99 2
6 100 21
7 100 1
13 100 5
14 100 4
19 100 1
26 100 10
30 100 1
6 101 31
12 101 1
13 101 3
26 101 6
32 101 1
33 101 1
6 102 28
12 102 5
13 102 1
14 102 1
26 102 8
6 103 38
12 103 1
13 103 1
26 103 2
32 103 1
4 104 1
6 104 28
12 104 2
14 104 1
15 104 1
17 104 8
26 104 2
13 105 6
26 105 33
30 105 3
34 105 1
6 106 24
7 106 4
12 106 1
13 106 4
20 106 1
26 106 4
30 106 2
33 106 3
6 107 6
13 107 35
14 107 1
19 107 1
20 108 3
26 108 28
33 108 10
35 108 1
6 109 30
13 109 4
22 109 1
26 109 2
31 109 3
33 109 1
6 110 34
7 110 1
12 110 2
26 110 3
29 110 1
6 111 37
11 111 1
13 111 2
20 111 1
26 112 41
6 113 27
7 113 1
13 113 1
23 113 1
26 113 7
27 113 3
6 114 1
26 114 24
27 114 6
28 114 4
30 114 5
4 115 1
6 115 25
12 115 2
14 115 1
15 115 1
17 115 8
26 115 2
6 116 18
8 116 1
12 116 5
13 116 5
17 116 3
19 116 1
23 116 1
26 116 1
30 116 5
6 117 29
12 117 3
28 117 2
31 117 6
6 118 27
12 118 2
26 118 5
28 118 3
30 118 3
26 119 31
33 119 8
2 120 1
3 120 2
6 120 20
12 120 4
27 120 8
28 120 4
6 121 23
12 121 3
13 121 1
17 121 1
21 121 3
26 121 2
31 121 6
20 122 3
26 122 25
33 122 10
6 123 16
26 123 10
33 123 11
35 123 1
6 124 26
13 124 6
14 124 2
26 124 2
6 125 20
7 125 2
13 125 3
26 125 4
29 125 1
30 125 1
33 125 3
6 126 24
9 126 1
13 126 2
23 126 1
27 126 4
30 126 2
7 127 2
26 127 31
6 128 24
9 128 1
25 128 1
26 128 5
33 128 2
6 129 32
26 129 1
6 130 26
12 130 5
28 130 2
6 131 14
12 131 1
13 131 1
17 131 6
20 131 3
23 131 1
26 131 5
7 132 1
13 132 3
24 132 1
26 132 6
29 132 7
30 132 13
6 133 5
13 133 2
26 133 17
33 133 7
26 134 30
6 135 30
6 136 26
12 136 1
13 136 3
6 137 13
7 137 3
12 137 1
13 137 2
17 137 4
26 137 5
30 137 1
6 138 23
13 138 2
33 138 4
6 139 23
7 139 1
13 139 1
22 139 3
26 139 1
6 140 24
12 140 1
26 140 4
6 141 14
12 141 2
19 141 2
23 141 1
26 141 3
31 141 1
33 141 5
6 142 12
12 142 2
26 142 11
33 142 3
12 143 1
26 143 17
29 143 2
33 143 8
2 144 1
6 144 8
12 144 4
26 144 6
30 144 9
6 145 2
12 145 12
26 145 4
28 145 1
32 145 1
33 145 8
6 146 9
12 146 6
13 146 3
14 146 2
23 146 1
26 146 6
30 146 1
15 147 1
17 147 27
6 148 23
10 148 1
12 148 3
26 148 1
6 149 6
7 149 2
13 149 13
26 149 6
30 149 1
6 150 1
7 150 5
12 150 7
14 150 14
30 150 1
6 151 18
12 151 1
26 151 9
6 152 17
12 152 1
13 152 1
26 152 8
33 152 1
6 153 19
9 153 1
12 153 1
13 153 7
6 154 26
33 154 2
6 155 14
9 155 1
12 155 3
13 155 7
14 155 3
6 156 23
12 156 3
26 156 1
6 157 13
7 157 2
12 157 3
14 157 1
26 157 7
33 157 1
6 158 21
7 158 2
26 158 1
33 158 3
6 159 6
7 159 2
13 159 1
23 159 6
26 159 10
29 159 2
6 160 16
7 160 1
12 160 1
26 160 9
6 161 11
12 161 1
13 161 1
17 161 2
26 161 9
33 161 3
22 162 1
23 162 3
26 162 23
6 163 18
12 163 1
20 163 3
23 163 1
26 163 4
23 164 4
26 164 19
29 164 4
6 165 17
12 165 5
26 165 2
29 165 3
6 166 23
26 166 2
30 166 1
35 166 1
6 167 10
12 167 2
13 167 1
23 167 1
24 167 2
25 167 3
26 167 2
33 167 4
35 167 1
6 168 11
13 168 1
17 168 2
24 168 4
26 168 5
29 168 1
33 168 2
6 169 11
7 169 1
8 169 1
13 169 2
26 169 6
27 169 1
32 169 1
33 169 3
6 170 23
7 170 2
26 170 1
6 171 13
7 171 1
12 171 1
13 171 1
17 171 2
26 171 4
32 171 1
33 171 3
6 172 10
12 172 5
13 172 1
24 172 1
26 172 7
29 172 1
30 172 1
6 173 10
20 173 1
23 173 4
26 173 2
29 173 2
33 173 7
4 174 1
6 174 22
26 174 3
26 175 23
35 175 3
6 176 14
8 176 2
12 176 2
23 176 2
24 176 1
26 176 1
29 176 1
33 176 2
6 177 19
12 177 3
13 177 1
26 177 2
13 178 24
6 179 15
26 179 9
6 180 23
12 180 1
6 181 21
12 181 2
14 181 1
6 182 14
12 182 1
26 182 8
4 183 2
6 183 16
16 183 1
30 183 3
33 183 1
6 184 12
7 184 3
11 184 1
12 184 1
14 184 1
19 184 1
26 184 4
6 185 8
23 185 2
24 185 1
26 185 7
27 185 1
28 185 2
29 185 2
5 186 1
6 186 17
13 186 1
26 186 3
4 187 1
6 187 14
13 187 2
17 187 3
19 187 1
22 187 1
12 188 4
26 188 2
32 188 1
33 188 15
6 189 3
12 189 1
15 189 1
23 189 1
26 189 4
33 189 12
11 190 2
23 190 3
26 190 5
29 190 12
6 191 3
12 191 3
26 191 9
32 191 1
33 191 6
6 192 3
26 192 11
33 192 8
6 193 5
12 193 4
13 193 3
19 193 1
23 193 1
26 193 4
29 193 1
32 193 1
33 193 1
34 193 1
6 194 10
19 194 3
20 194 1
23 194 1
29 194 4
33 194 3
23 195 1
26 195 18
30 195 3
6 196 11
12 196 1
13 196 1
25 196 1
26 196 4
33 196 4
6 197 14
13 197 2
26 197 6
4 198 1
6 198 17
12 198 1
21 198 1
26 198 2
6 199 17
12 199 1
13 199 2
24 199 1
30 199 1
6 200 17
7 200 1
12 200 1
26 200 3
12 201 2
24 201 1
26 201 11
33 201 8
6 202 9
13 202 3
23 202 2
26 202 7
33 202 1
4 203 1
6 203 13
7 203 1
17 203 4
19 203 1
26 203 2
6 204 8
17 204 2
23 204 1
26 204 9
29 204 1
33 204 1
3 205 2
6 205 2
7 205 4
8 205 1
12 205 4
13 205 1
26 205 1
30 205 5
35 205 2
4 206 1
6 206 14
7 206 1
13 206 1
26 206 3
33 206 1
34 206 1
6 207 6
7 207 4
13 207 1
26 207 8
29 207 1
33 207 2
6 208 10
8 208 3
13 208 1
26 208 3
28 208 2
33 208 2
6 209 11
12 209 1
19 209 1
26 209 5
33 209 3
6 210 2
7 210 16
26 210 2
30 210 1
6 211 10
7 211 5
26 211 6
6 212 13
12 212 5
13 212 3
6 213 14
16 213 2
26 213 4
33 213 1
6 214 11
12 214 3
13 214 2
26 214 4
30 214 1
4 215 1
6 215 2
12 215 1
13 215 2
16 215 1
26 215 4
29 215 6
30 215 2
33 215 1
6 216 7
12 216 2
17 216 1
19 216 1
26 216 1
29 216 6
33 216 2
6 217 14
26 217 6
8 218 2
13 218 6
14 218 3
23 218 1
26 218 1
34 218 2
35 218 5
6 219 2
26 219 8
28 219 3
33 219 7
6 220 15
21 220 3
26 220 1
29 220 1
6 221 14
12 221 1
26 221 1
28 221 3
33 221 1
6 222 10
12 222 3
26 222 5
33 222 1
6 223 17
12 223 1
13 223 1
6 224 14
8 224 3
13 224 1
26 224 1
6 225 3
7 225 8
26 225 4
33 225 3
6 226 13
12 226 3
30 226 2
6 227 10
12 227 3
26 227 3
33 227 2
7 228 8
8 228 3
11 228 1
16 228 2
26 228 2
29 228 2
5 229 1
6 229 9
26 229 8
2 230 1
4 230 2
6 230 8
26 230 4
30 230 3
5 231 1
6 231 7
13 231 4
20 231 1
23 231 2
26 231 2
29 231 1
6 232 1
13 232 3
15 232 1
17 232 8
22 232 3
26 232 2
6 233 12
10 233 1
13 233 1
23 233 1
26 233 3
6 234 12
23 234 1
31 234 3
33 234 2
6 235 13
13 235 1
26 235 1
27 235 3
22 236 1
23 236 1
26 236 16
6 237 9
13 237 1
24 237 3
26 237 4
6 238 11
25 238 3
26 238 3
6 239 4
12 239 4
24 239 6
26 239 3
6 240 1
7 240 3
8 240 1
11 240 1
13 240 3
25 240 6
26 240 2
6 241 11
12 241 2
13 241 4
6 242 4
7 242 2
13 242 3
23 242 3
24 242 3
26 242 2
6 243 10
12 243 2
13 243 1
14 243 4
6 244 11
12 244 1
13 244 1
26 244 3
6 245 15
12 245 1
6 246 10
14 246 3
26 246 3
6 247 7
13 247 2
20 247 1
23 247 2
26 247 2
33 247 2
6 248 1
7 248 2
26 248 10
30 248 2
31 248 1
6 249 5
7 249 3
12 249 3
26 249 5
6 250 6
12 250 1
13 250 1
26 250 5
27 250 3
6 251 1
9 251 1
13 251 7
21 251 4
30 251 3
26 252 5
27 252 1
29 252 8
33 252 1
34 252 1
6 253 8
13 253 1
26 253 1
28 253 3
31 253 3
6 254 11
13 254 3
26 254 1
6 255 14
12 255 1
14 256 1
26 256 8
30 256 5
34 256 1
6 257 7
13 257 1
23 257 1
26 257 3
33 257 3
6 258 8
12 258 3
13 258 1
26 258 3
6 259 1
26 259 7
27 259 4
31 259 3
6 260 6
8 260 1
13 260 1
26 260 4
28 260 3
6 261 9
13 261 5
28 261 1
6 262 8
12 262 1
26 262 1
29 262 2
30 262 2
32 262 1
6 263 8
12 263 2
18 263 1
23 263 1
26 263 2
32 263 1
26 264 7
29 264 2
33 264 5
34 264 1
6 265 1
13 265 1
17 265 9
22 265 4
26 266 8
30 266 6
34 266 1
6 267 5
26 267 6
33 267 4
6 268 9
13 268 1
26 268 1
33 268 3
6 269 9
27 269 3
33 269 2
6 270 10
13 270 2
33 270 1
6 271 6
13 271 1
26 271 5
33 271 1
6 272 12
12 272 1
6 273 9
7 273 1
13 273 1
16 273 2
26 274 12
6 275 9
23 275 1
29 275 1
33 275 1
6 276 9
19 276 1
25 276 1
33 276 1
6 277 11
13 277 1
6 278 6
28 278 3
30 278 3
6 279 8
12 279 1
26 279 2
35 279 1
6 280 8
13 280 3
14 280 1
6 281 3
13 281 9
6 282 10
13 282 1
26 282 1
6 283 11
8 283 1
13 284 1
26 284 11
6 285 3
12 285 9
6 286 9
12 286 1
14 286 1
26 286 1
6 287 6
13 287 4
15 287 1
6 288 10
19 288 1
6 289 2
26 289 9
6 290 6
12 290 1
33 290 2
35 290 2
6 291 6
7 291 1
13 291 1
33 291 3
6 292 5
13 292 3
21 292 3
6 293 7
12 293 1
26 293 3
6 294 4
7 294 1
16 294 2
26 294 4
4 295 1
6 295 8
12 295 2
5 296 1
12 296 10
5 297 1
6 297 5
13 297 3
26 297 2
6 298 6
26 298 3
33 298 2
6 299 9
26 299 2
6 300 10
26 300 1
26 301 10
29 301 1
6 302 1
13 302 1
26 302 8
6 303 9
19 303 1
13 304 9
15 304 1
6 305 9
26 305 1
6 306 9
33 306 1
6 307 10
26 308 4
31 308 6
6 309 7
13 309 1
29 309 1
33 309 1
6 310 8
13 310 1
33 310 1
6 311 8
7 311 2
6 312 1
26 312 6
33 312 3
6 313 2
7 313 2
23 313 1
29 313 3
30 313 2
6 314 4
7 314 2
26 314 3
33 314 1
6 315 1
14 315 1
15 315 1
26 315 6
33 315 1
2 316 1
6 316 5
13 316 2
19 316 1
26 316 1
29 317 10
23 318 3
25 318 6
6 319 6
12 319 2
13 319 1
6 320 6
13 320 1
21 320 1
30 320 1
6 321 5
13 321 3
33 321 1
6 322 5
29 322 3
33 322 1
26 323 9
6 324 2
23 324 2
26 324 2
29 324 3
6 325 4
26 325 5
6 326 8
19 326 1
6 327 7
13 327 1
33 327 1
26 328 7
35 328 1
22 329 8
6 330 2
17 330 1
20 330 1
33 330 4
12 331 1
26 331 7
6 332 2
23 332 2
26 332 2
33 332 2
23 333 1
26 333 7
8 334 2
10 334 1
26 334 5
12 335 1
26 335 7
6 336 8
6 337 7
26 337 1
6 338 5
13 338 3
6 339 3
13 339 3
26 339 2
6 340 2
13 340 3
26 340 3
6 341 5
26 341 2
33 341 1
6 342 5
23 342 1
26 342 2
6 343 2
7 343 1
13 343 3
26 343 2
6 344 6
29 344 2
6 345 3
13 345 5
6 346 8
6 347 5
21 347 3
6 348 6
16 348 2
6 349 6
26 349 1
33 349 1
26 350 2
31 350 6
6 351 7
12 351 1
6 352 3
13 352 4
34 352 1
6 353 6
26 353 1
33 353 1
12 354 1
26 354 6
6 355 7
26 356 5
33 356 2
26 357 7
6 358 7
6 359 1
13 359 4
30 359 2
6 360 3
13 360 2
28 360 2
6 361 4
16 361 1
26 361 2
12 362 3
32 362 1
33 362 3
12 363 3
32 363 1
33 363 3
6 364 5
12 364 1
13 364 1
6 365 4
12 365 1
26 365 1
29 365 1
6 366 2
12 366 1
26 366 3
35 366 1
6 367 5
26 367 1
30 367 1
6 368 1
14 368 1
15 368 1
26 368 3
33 368 1
6 369 3
12 369 1
30 369 2
31 369 1
26 370 6
33 370 1
19 371 7
6 372 2
8 372 1
26 372 4
6 373 6
26 373 1
2 374 1
6 374 4
19 374 1
26 374 1
6 375 3
26 375 3
32 375 1
6 376 3
13 376 2
26 376 1
6 377 6
6 378 3
13 378 3
6 379 6
6 380 6
17 381 3
26 381 3
6 382 5
30 382 1
23 383 3
24 383 3
23 384 3
24 384 3
28 385 3
30 385 3
26 386 5
33 386 1
6 387 2
26 387 2
33 387 2
6 388 4
29 388 2
12 389 2
26 389 4
6 390 4
23 390 2
12 391 1
20 391 1
26 391 4
23 392 3
25 392 3
6 393 6
6 394 4
12 394 2
6 395 4
13 395 1
6 396 5
26 397 5
6 398 4
33 398 1
26 399 2
33 399 3
6 400 5
6 401 5
6 402 3
7 402 2
6 403 2
13 403 1
26 403 1
33 403 1
33 404 5
13 405 3
34 405 1
35 405 1
6 406 1
26 406 4
7 407 2
13 407 3
33 408 5
6 409 2
14 409 1
26 409 2
7 410 1
26 410 2
33 410 2
6 411 2
33 411 2
35 411 1
6 412 1
12 412 1
26 412 2
33 412 1
6 413 2
12 413 3
6 414 5
6 415 5
13 416 5
6 417 5
26 418 5
6 419 3
7 419 1
11 419 1
6 420 1
13 420 3
26 420 1
6 421 2
26 421 1
33 421 2
26 422 5
6 423 2
9 423 2
26 423 1
6 424 1
13 424 3
33 424 1
6 425 4
35 425 1
20 426 4
6 427 1
29 427 3
21 428 4
26 429 1
28 429 3
26 430 4
6 431 4
26 432 2
33 432 2
6 433 1
26 433 3
6 434 1
26 434 3
6 435 2
33 435 2
6 436 3
26 436 1
6 437 3
12 437 1
12 438 1
26 438 3
12 439 1
33 439 3
6 440 3
7 440 1
6 441 3
17 441 1
6 442 2
12 442 1
26 442 1
6 443 3
26 443 1
26 444 3
35 444 1
6 445 4
6 446 3
28 446 1
5 447 1
26 447 3
6 448 4
6 449 3
26 449 1
26 450 3
30 450 1
6 451 4
6 452 4
6 453 4
6 454 3
13 454 1
6 455 2
7 455 1
26 455 1
5 456 1
6 456 1
9 456 2
4 457 1
6 457 1
9 457 2
6 458 3
30 458 1
26 459 4
26 460 4
13 461 3
26 461 1
6 462 2
33 462 2
6 463 1
7 463 1
23 463 1
26 463 1
12 464 1
13 464 1
26 464 2
6 465 3
6 466 3
6 467 3
13 468 3
6 469 3
26 470 3
26 471 3
13 472 3
26 473 3
6 474 3
25 475 3
16 476 3
12 477 2
26 477 1
12 478 2
29 478 1
13 479 3
6 480 2
13 480 1
6 481 2
13 481 1
6 482 3
26 483 3
6 484 3
13 485 3
13 486 3
31 487 1
32 487 2
6 488 3
6 489 3
6 490 1
7 490 1
13 490 1
6 491 1
10 491 1
12 491 1
6 492 2
15 492 1
6 493 1
17 493 1
30 493 1
6 494 2
19 494 1
4 495 1
5 495 1
6 495 1
13 496 3
6 497 3
6 498 1
9 498 2
26 499 3
26 500 3
6 501 3
6 502 3
6 503 3
6 504 3
26 505 3
6 506 1
8 506 1
23 506 1
6 507 3
23 508 1
26 508 2
14 509 3
26 510 3
26 511 1
33 511 2
26 512 1
33 512 2
23 513 1
26 513 2
10 514 1
26 514 1
33 514 1
6 515 3
6 516 3
6 517 1
12 517 1
6 518 2
10 519 1
26 519 1
6 520 1
26 520 1
15 521 1
30 521 1
19 522 1
26 522 1
19 523 1
26 523 1
6 524 2
13 525 2
6 526 2
6 527 2
6 528 2
17 529 2
6 530 2
12 531 2
17 532 2
6 533 2
26 534 2
23 535 2
6 536 2
29 537 2
6 538 2
26 539 1
35 539 1
26 540 2
29 541 1
33 541 1
26 542 1
34 542 1
4 543 1
6 543 1
29 544 1
34 544 1
13 545 1
26 545 1
6 546 1
8 546 1
6 547 1
13 547 1
26 548 2
6 549 1
13 549 1
26 550 2
7 551 2
26 552 2
6 553 1
13 553 1
6 554 2
33 555 2
26 556 1
33 556 1
26 557 2
6 558 1
13 558 1
6 559 2
6 560 2
6 561 2
6 562 1
26 562 1
6 563 2
6 564 2
6 565 1
26 565 1
6 566 1
8 566 1
6 567 2
6 568 1
33 568 1
31 569 1
32 569 1
6 570 2
6 571 1
12 571 1
26 572 2
6 573 1
13 573 1
6 574 2
12 575 1
26 576 1
33 577 1
33 578 1
26 579 1
26 580 1
6 581 1
6 582 1
33 583 1
26 584 1
6 585 1
6 586 1
6 587 1
10 588 1
26 589 1
26 590 1
12 591 1
6 592 1
6 593 1
6 594 1
26 595 1
26 596 1
4 597 1
5 598 1
13 599 1
26 600 1
19 601 1
6 602 1
14 603 1
13 604 1
13 605 1
35 606 1
35 607 1
13 608 1
33 609 1
33 610 1
33 611 1
29 612 1
6 613 1
29 614 1
26 615 1
6 616 1
12 617 1
7 618 1
6 619 1
13 620 1
6 621 1
26 622 1
6 623 1
6 624 1
6 625 1
9 626 1
6 627 1
6 628 1
26 629 1
13 630 1
26 631 1
6 632 1
6 633 1
26 634 1
13 635 1
6 636 1
6 637 1
29 638 1
13 639 1
29 640 1
7 641 1
13 642 1
26 643 1
6 644 1
12 645 1
12 646 1
6 647 1
6 648 1
6 649 1
6 650 1
5 651 1
26 652 1
32 653 1
26 654 1
26 655 1
6 656 1
26 657 1
12 658 1
13 659 1
13 660 1
6 661 1
6 662 1
13 663 1
6 664 1
19 665 1
26 666 1
6 667 1
6 668 1
9 669 1
9 670 1
6 671 1
26 672 1
6 673 1
30 674 1
12 675 1
17 676 1
17 677 1
13 678 1
13 679 1
6 680 1
26 681 1
13 682 1
33 683 1
29 684 1
26 685 1
33 686 1
26 687 1
26 688 1
30 689 1
12 690 1
13 691 1
12 692 1
6 693 1
6 694 1
6 695 1
6 696 1
26 697 1
6 698 1
18 699 1
6 700 1
13 701 1
26 702 1
10 703 1
6 704 1
6 705 1
6 706 1
26 707 1
6 708 1
6 709 1
6 710 1
