# this file was generated by the following command(s):
#   /home/mark/work/jazzparser/lib/candc/bin/train_super --model /home/mark/work/jazzparser/etc/candc_data/chords --comment "Model trained automatically on chord data in file /tmp/tmpBAPLXp" --input /tmp/tmp_x0fMb --super-tagdict //tagdict --super-cutoff_words 0 --super-category_cutoff 0 --super-tagdict_min 0 --super-beam_ratio 0.0 --super-tagdict_ratio 10000 --super-beam_width 20 --super-cutoff_default 0 --sigma 0.85

2 0 0.457811
3 0 0.482961
4 0 0.628387
5 0 0.627377
6 0 0.893613
7 0 0.787575
8 0 0.620447
9 0 0.607311
10 0 0.553765
11 0 0.636304
12 0 0.80261
13 0 0.831876
14 0 0.717863
15 0 0.577281
16 0 0.583899
17 0 0.680355
18 0 0.466432
19 0 0.654885
20 0 0.668075
21 0 0.583726
22 0 0.583106
23 0 0.738263
24 0 0.616045
25 0 0.593731
26 0 0.913615
27 0 0.766121
28 0 0.656995
29 0 0.784591
30 0 0.671084
31 0 0.609325
32 0 0.61779
33 0 0.861259
34 0 0.639818
35 0 0.683876
2 1 0.458969
3 1 0.484355
4 1 0.630921
5 1 0.631158
6 1 0.89638
7 1 0.789245
8 1 0.623306
9 1 0.611493
10 1 0.55581
11 1 0.647571
12 1 0.804229
13 1 0.833403
14 1 0.719999
15 1 0.579433
16 1 0.586095
17 1 0.681978
18 1 0.468637
19 1 0.658111
20 1 0.675746
21 1 0.585593
22 1 0.584733
23 1 0.742351
24 1 0.618124
25 1 0.59549
26 1 0.888441
27 1 0.768952
28 1 0.658522
29 1 0.801996
30 1 0.672436
31 1 0.611963
32 1 0.620322
33 1 0.87436
34 1 0.641902
35 1 0.694998
2 2 0.46508
3 2 0.492071
4 2 0.642625
5 2 0.641716
6 2 0.892752
7 2 0.804485
8 2 0.638141
9 2 0.621902
10 2 0.567478
11 2 0.641764
12 2 0.777406
13 2 0.80964
14 2 0.734869
15 2 0.589792
16 2 0.595084
17 2 0.686798
18 2 0.473994
19 2 0.663388
20 2 0.676304
21 2 0.592909
22 2 0.591625
23 2 0.744643
24 2 0.623565
25 2 0.601834
26 2 0.924942
27 2 0.513797
28 2 0.672756
29 2 0.793865
30 2 0.679794
31 2 0.621575
32 2 0.632539
33 2 0.816407
34 2 0.671145
35 2 0.691847
2 3 0.46508
3 3 0.492071
4 3 0.642625
5 3 0.641716
6 3 0.892752
7 3 0.804485
8 3 0.638141
9 3 0.621902
10 3 0.567478
11 3 0.641764
12 3 0.777406
13 3 0.80964
14 3 0.734869
15 3 0.589792
16 3 0.595084
17 3 0.686798
18 3 0.473994
19 3 0.663388
20 3 0.676304
21 3 0.592909
22 3 0.591625
23 3 0.744643
24 3 0.623565
25 3 0.601834
26 3 0.924942
27 3 0.513797
28 3 0.672756
29 3 0.793865
30 3 0.679794
31 3 0.621575
32 3 0.632539
33 3 0.816407
34 3 0.671145
35 3 0.691847
2 4 0.458969
3 4 0.484355
4 4 0.630921
5 4 0.631158
6 4 0.89638
7 4 0.789245
8 4 0.623306
9 4 0.611493
10 4 0.55581
11 4 0.647571
12 4 0.804229
13 4 0.833403
14 4 0.719999
15 4 0.579433
16 4 0.586095
17 4 0.681978
18 4 0.468637
19 4 0.658111
20 4 0.675746
21 4 0.585593
22 4 0.584733
23 4 0.742351
24 4 0.618124
25 4 0.59549
26 4 0.888441
27 4 0.768952
28 4 0.658522
29 4 0.801996
30 4 0.672436
31 4 0.611963
32 4 0.620322
33 4 0.87436
34 4 0.641902
35 4 0.694998
2 5 0.476432
3 5 0.51212
4 5 0.680292
5 5 0.668607
6 5 0.900341
7 5 0.629192
8 5 0.701429
9 5 0.651637
10 5 0.591861
11 5 0.652543
12 5 0.754139
13 5 0.811661
14 5 0.556853
15 5 0.60735
16 5 0.618064
17 5 0.713174
18 5 0.481146
19 5 0.710332
20 5 0.69395
21 5 0.61139
22 5 0.617639
23 5 0.796226
24 5 0.665722
25 5 0.615503
26 5 0.935955
27 5 0.424125
28 5 0.556455
29 5 0.620071
30 5 0.558318
31 5 0.651909
32 5 0.660373
33 5 0.824597
34 5 0.340248
35 5 0.731175
2 6 0.476432
3 6 0.51212
4 6 0.680292
5 6 0.668607
6 6 0.900341
7 6 0.629192
8 6 0.701429
9 6 0.651637
10 6 0.591861
11 6 0.652543
12 6 0.754139
13 6 0.811661
14 6 0.556853
15 6 0.60735
16 6 0.618064
17 6 0.713174
18 6 0.481146
19 6 0.710332
20 6 0.69395
21 6 0.61139
22 6 0.617639
23 6 0.796226
24 6 0.665722
25 6 0.615503
26 6 0.935955
27 6 0.424125
28 6 0.556455
29 6 0.620071
30 6 0.558318
31 6 0.651909
32 6 0.660373
33 6 0.824597
34 6 0.340248
35 6 0.731175
2 7 0.462033
3 7 0.488604
4 7 0.644999
5 7 0.647724
6 7 0.895395
7 7 0.813427
8 7 0.644952
9 7 0.630423
10 7 0.563179
11 7 0.134897
12 7 0.835858
13 7 0.822941
14 7 0.751716
15 7 0.590058
16 7 0.596083
17 7 0.694487
18 7 0.473242
19 7 0.677499
20 7 0.378207
21 7 0.593708
22 7 0.592474
23 7 0.634644
24 7 0.638899
25 7 0.603132
26 7 0.932455
27 7 0.778337
28 7 0.668224
29 7 0.532031
30 7 0.680233
31 7 0.62564
32 7 0.632767
33 7 0.796059
34 7 0.651601
35 7 0.455202
2 8 0.46624
3 8 0.493469
4 8 0.645167
5 8 0.645509
6 8 0.895536
7 8 0.806158
8 8 0.641009
9 8 0.626098
10 8 0.56953
11 8 0.653046
12 8 0.779034
13 8 0.811173
14 8 0.73701
15 8 0.59195
16 8 0.597287
17 8 0.688422
18 8 0.476203
19 8 0.66662
20 8 0.68399
21 8 0.59478
22 8 0.593255
23 8 0.748734
24 8 0.625646
25 8 0.603597
26 8 0.899199
27 8 0.516732
28 8 0.674287
29 8 0.81129
30 8 0.681148
31 8 0.624219
32 8 0.635079
33 8 0.831482
34 8 0.673243
35 8 0.702987
2 9 0.462033
3 9 0.488604
4 9 0.644999
5 9 0.647724
6 9 0.895395
7 9 0.813427
8 9 0.644952
9 9 0.630423
10 9 0.563179
11 9 0.134897
12 9 0.835858
13 9 0.822941
14 9 0.751716
15 9 0.590058
16 9 0.596083
17 9 0.694487
18 9 0.473242
19 9 0.677499
20 9 0.378207
21 9 0.593708
22 9 0.592474
23 9 0.634644
24 9 0.638899
25 9 0.603132
26 9 0.932455
27 9 0.778337
28 9 0.668224
29 9 0.532031
30 9 0.680233
31 9 0.62564
32 9 0.632767
33 9 0.796059
34 9 0.651601
35 9 0.455202
5 10 0.216431
6 10 1.08787
7 10 0.189451
8 10 0.669202
9 10 0.741111
11 10 0.423075
12 10 0.981038
13 10 0.748862
14 10 -0.454085
17 10 0.494533
18 10 0.606784
19 10 0.284584
20 10 0.299525
26 10 0.940933
27 10 0.219565
29 10 -0.129977
31 10 0.509554
33 10 0.777094
5 11 0.439243
6 11 1.07365
7 11 0.532318
8 11 0.307917
9 11 0.665668
11 11 0.528489
12 11 1.04345
13 11 0.371631
17 11 0.456224
19 11 0.551911
26 11 0.860844
27 11 0.40331
31 11 1.01038
33 11 0.864497
6 12 0.353439
7 12 0.15201
10 12 0.560301
12 12 0.28035
13 12 -0.0279388
14 12 0.415165
16 12 0.484232
20 12 0.462076
23 12 -0.0330204
26 12 1.3678
29 12 1.22096
30 12 1.17412
33 12 1.15487
6 13 1.63207
7 13 -0.148025
13 13 0.271336
26 13 -1.40396
33 13 0.041416
6 14 1.05371
7 14 -0.65545
8 14 1.5733
12 14 0.564817
13 14 1.47325
14 14 0.00547311
16 14 0.408546
17 14 0.332753
23 14 -0.421712
26 14 0.922794
29 14 0.264941
30 14 0.646443
31 14 0.00452587
33 14 -1.09385
3 15 0.880043
6 15 0.6525
7 15 0.160906
9 15 0.171922
10 15 1.00018
12 15 0.56375
13 15 0.863487
14 15 1.08458
15 15 0.436836
17 15 0.813349
19 15 -0.156445
22 15 1.07149
23 15 0.570502
26 15 1.05049
28 15 1.26497
29 15 0.253047
30 15 0.892492
31 15 0.0605371
33 15 -0.341028
34 15 0.348651
35 15 0.124285
3 16 0.82794
6 16 0.778141
7 16 0.892527
8 16 0.412848
9 16 0.302488
11 16 0.527049
12 16 0.126321
13 16 0.674269
14 16 -0.070847
15 16 0.504805
17 16 0.0264072
19 16 1.13363
22 16 0.870297
23 16 0.351499
24 16 0.447102
26 16 0.638266
27 16 0.770746
28 16 -0.195414
29 16 0.489876
30 16 0.630414
31 16 0.117112
32 16 0.377784
33 16 0.964625
35 16 0.121231
2 17 0.590444
3 17 0.726638
4 17 0.481992
6 17 0.838365
7 17 0.494136
8 17 0.543549
10 17 0.419714
12 17 0.213472
13 17 0.493492
14 17 -0.0352937
16 17 0.339625
17 17 0.162487
19 17 0.885901
21 17 0.303302
22 17 0.674418
23 17 1.01975
24 17 1.00941
26 17 -1.19963
28 17 1.03841
30 17 1.61196
32 17 0.244959
33 17 -0.515725
5 18 0.401958
6 18 1.24644
7 18 0.184514
9 18 0.465153
12 18 0.833114
13 18 0.189995
14 18 0.863258
24 18 0.828235
26 18 -1.36875
29 18 0.0344985
30 18 1.06819
4 19 0.289698
6 19 1.64308
7 19 0.0896834
9 19 0.666094
13 19 0.228513
26 19 -1.3099
31 19 1.21667
33 19 -0.905853
5 20 0.509477
6 20 0.888666
7 20 0.0394429
9 20 0.289001
11 20 0.512966
12 20 0.0680175
13 20 0.204426
14 20 0.141639
17 20 0.634144
23 20 0.454258
26 20 1.00993
27 20 0.506573
30 20 0.0943488
31 20 0.757928
33 20 0.770093
5 21 0.389781
6 21 0.627148
7 21 0.371734
8 21 0.238178
9 21 0.716985
12 21 1.09206
13 21 0.713745
14 21 0.792889
17 21 1.20727
23 21 -0.605146
26 21 1.17569
28 21 0.831436
29 21 0.0401743
30 21 0.644338
31 21 1.10823
33 21 -0.957309
2 22 0.632573
4 22 0.798654
6 22 0.832018
7 22 0.53257
8 22 1.18585
9 22 1.02832
12 22 0.0395454
13 22 0.633906
17 22 0.124104
19 22 0.0242001
23 22 -0.234791
24 22 0.21975
26 22 0.917919
27 22 0.766563
29 22 0.0874697
30 22 0.252271
31 22 1.46959
33 22 -0.270074
6 23 1.07113
7 23 -0.101839
9 23 0.339674
12 23 0.079297
13 23 0.571466
17 23 -0.0330916
26 23 1.13819
29 23 0.941902
33 23 -0.693296
3 24 0.822157
6 24 0.828587
7 24 0.929464
8 24 0.0104938
12 24 0.345051
13 24 0.04279
14 24 0.186365
17 24 0.231459
19 24 0.358486
22 24 0.892976
23 24 1.08708
24 24 0.913819
26 24 0.154216
28 24 0.481275
30 24 0.828458
32 24 0.41901
33 24 -0.26778
6 25 0.666228
7 25 0.119768
12 25 0.0992851
13 25 1.83161
14 25 1.62656
26 25 -0.330424
6 26 0.635806
11 26 0.496072
13 26 0.0660629
20 26 0.275709
23 26 0.166359
26 26 0.595509
29 26 0.603066
33 26 0.408112
35 26 0.215313
6 27 0.495939
7 27 0.344992
12 27 0.254872
13 27 0.085147
14 27 0.164956
26 27 0.45146
27 27 0.282723
28 27 0.0438438
29 27 0.380325
30 27 0.203216
33 27 0.438727
34 27 0.284659
6 28 0.635806
11 28 0.496072
13 28 0.0660629
20 28 0.275709
23 28 0.166359
26 28 0.595509
29 28 0.603066
33 28 0.408112
35 28 0.215313
6 29 0.495939
7 29 0.344992
12 29 0.254872
13 29 0.085147
14 29 0.164956
26 29 0.45146
27 29 0.282723
28 29 0.0438438
29 29 0.380325
30 29 0.203216
33 29 0.438727
34 29 0.284659
6 30 0.518842
7 30 0.684163
12 30 0.525521
13 30 -0.274093
17 30 0.446928
26 30 0.791766
33 30 0.774056
6 31 1.26165
12 31 0.986642
13 31 0.269191
26 31 -0.998993
6 32 2.13807
13 32 0.123625
3 33 1.08029
6 33 0.493779
7 33 -0.227788
10 33 0.579321
12 33 0.651897
13 33 -0.426761
14 33 0.901752
26 33 0.904245
30 33 0.400195
31 33 0.519252
34 33 1.01652
6 34 0.944667
7 34 0.588747
8 34 0.370398
11 34 0.542139
12 34 1.21899
13 34 0.696185
16 34 0.686283
17 34 0.496315
6 35 0.718893
7 35 0.216486
12 35 0.673569
13 35 0.111638
18 35 0.676663
19 35 0.619731
23 35 -0.0723761
26 35 0.321544
29 35 -0.196328
32 35 0.466619
33 35 -0.366447
35 35 0.47061
26 36 0.916334
27 36 1.19058
29 36 2.10974
33 36 0.822734
34 36 1.3448
35 36 1.23228
6 37 0.649333
12 37 -0.0604202
13 37 1.01493
14 37 0.467603
18 37 0.677241
26 37 0.0463072
33 37 0.33925
6 38 -0.599452
13 38 2.70391
26 38 -0.863475
30 38 -0.164355
6 39 1.23759
12 39 1.00656
13 39 -0.33873
17 39 0.450735
26 39 0.106993
4 40 0.489649
6 40 1.26893
12 40 1.35141
13 40 0.0638445
14 40 0.0541088
26 40 0.395617
28 40 0.654738
6 41 0.734184
12 41 -0.170573
13 41 0.664308
18 41 0.678127
26 41 0.672419
33 41 0.452913
6 42 0.460066
12 42 -0.55435
13 42 0.909058
14 42 0.339479
19 42 0.298044
21 42 0.652021
23 42 0.0900991
26 42 0.388978
30 42 0.424928
31 42 0.480314
33 42 0.000428235
34 42 0.466444
5 43 0.565953
6 43 0.53262
7 43 1.15005
12 43 0.304658
13 43 0.0850736
23 43 1.69857
26 43 -0.613352
5 44 0.668785
12 44 3.81844
14 44 0.554848
24 44 1.04991
26 44 1.07352
33 44 0.446102
4 45 0.495691
6 45 0.199278
7 45 1.25104
12 45 -0.673802
13 45 -0.0956831
14 45 0.0453058
26 45 1.48724
33 45 0.0145239
6 46 0.936279
7 46 0.491934
12 46 0.528652
13 46 -0.316859
17 46 0.462133
19 46 0.792887
26 46 0.205867
29 46 0.32887
6 47 0.278141
12 47 0.227219
13 47 0.379898
14 47 0.400169
23 47 0.231701
26 47 0.979345
30 47 0.171915
33 47 0.392169
6 48 0.240333
10 48 0.582509
13 48 0.0343383
23 48 0.977326
26 48 -0.0919443
29 48 0.337519
33 48 1.9403
6 49 0.726865
7 49 -0.0667122
12 49 0.757594
13 49 -0.0892247
17 49 0.307775
20 49 0.576154
26 49 -0.123629
33 49 0.283728
6 50 1.06297
13 50 -0.113641
23 50 2.08995
26 50 -0.639608
29 50 2.19382
6 51 0.924459
13 51 -0.173027
23 51 0.641355
26 51 0.47259
27 51 0.631784
33 51 0.244543
4 52 0.503052
6 52 0.402501
8 52 0.798841
12 52 0.21275
13 52 0.0735042
23 52 0.240003
26 52 0.0463258
29 52 0.6488
30 52 0.153658
33 52 -0.047413
6 53 0.478924
12 53 -0.0161189
13 53 0.38038
14 53 0.142968
15 53 0.649563
17 53 -0.0792152
26 53 0.278433
29 53 0.199708
33 53 0.599707
6 54 0.866799
12 54 0.400329
13 54 -0.528457
14 54 0.242061
26 54 0.846414
6 55 0.594246
7 55 0.666897
8 55 0.474882
11 55 0.562992
12 55 0.806635
13 55 0.6189
17 55 0.598123
26 56 0.913428
26 57 0.913428
26 58 0.913428
6 59 0.282394
12 59 0.0681926
13 59 0.131854
26 59 0.521957
27 59 0.207832
33 59 0.464322
26 60 0.913428
26 61 0.913428
6 62 0.39148
7 62 0.436004
12 62 0.137922
13 62 -0.0800646
14 62 0.225134
26 62 -0.2085
27 62 0.0647764
28 62 0.0795469
29 62 0.412672
30 62 0.252115
33 62 -0.0918915
34 62 0.321436
6 63 0.282394
12 63 0.0681926
13 63 0.131854
26 63 0.521957
27 63 0.207832
33 63 0.464322
6 64 0.282394
12 64 0.0681926
13 64 0.131854
26 64 0.521957
27 64 0.207832
33 64 0.464322
6 65 0.282394
12 65 0.0681926
13 65 0.131854
26 65 0.521957
27 65 0.207832
33 65 0.464322
6 66 0.282394
12 66 0.0681926
13 66 0.131854
26 66 0.521957
27 66 0.207832
33 66 0.464322
6 67 0.282394
12 67 0.0681926
13 67 0.131854
26 67 0.521957
27 67 0.207832
33 67 0.464322
6 68 0.701938
11 68 0.50796
13 68 0.0898225
20 68 0.284607
23 68 0.179679
29 68 0.670029
33 68 0.536951
35 68 0.230923
6 69 0.282394
12 69 0.0681926
13 69 0.131854
26 69 0.521957
27 69 0.207832
33 69 0.464322
6 70 -0.127901
12 70 0.143365
26 70 1.16471
33 70 1.19387
6 71 0.929885
12 71 0.812043
13 71 0.314665
26 71 0.328376
6 72 1.80383
5 73 0.57069
6 73 0.567805
7 73 0.574346
12 73 0.307219
13 73 -0.234061
14 73 0.0825969
17 73 0.448832
22 73 0.489886
26 73 0.53231
6 74 0.07367
7 74 0.775321
12 74 0.460014
13 74 0.888986
14 74 0.714655
17 74 0.124579
26 74 0.114513
29 74 -0.137338
35 74 1.11685
12 75 0.591571
26 75 1.43102
33 75 2.56069
6 76 0.487497
7 76 -0.120024
8 76 0.492014
9 76 0.545979
12 76 0.138288
13 76 -0.602127
14 76 0.0509277
17 76 0.038018
22 76 0.501218
26 76 0.240143
30 76 0.422073
6 77 0.531691
7 77 0.176457
12 77 0.246944
13 77 0.569854
23 77 0.27612
26 77 1.44445
26 78 0.281456
27 78 1.11737
29 78 1.32505
33 78 0.544515
35 78 1.4115
8 79 1.10946
25 79 1.1909
26 79 1.73049
30 79 0.206238
6 80 0.775152
12 80 0.357175
13 80 -0.0597713
19 80 0.575692
23 80 0.425468
24 80 1.11422
26 80 0.142318
6 81 0.649184
12 81 0.814065
13 81 0.00516087
25 81 1.18351
26 81 -0.414086
30 81 0.363674
4 82 0.509295
6 82 0.707842
7 82 0.350133
13 82 -0.0856055
22 82 0.284402
26 82 -0.169125
33 82 0.598245
6 83 0.689239
7 83 0.465511
12 83 -0.0665404
25 83 0.586534
26 83 0.504871
33 83 0.233656
6 84 0.480636
7 84 0.348318
12 84 0.0285201
19 84 0.830429
24 84 1.30191
26 84 -0.265145
33 84 0.130774
5 85 0.603409
6 85 0.962478
12 85 0.138907
13 85 -0.344924
26 85 -0.00147916
29 85 0.0356174
30 85 0.202161
5 86 0.593479
6 86 1.03975
12 86 0.289104
13 86 0.482875
5 87 0.683095
6 87 0.659618
13 87 -0.20581
18 87 0.696283
31 87 2.17118
6 88 0.56553
7 88 0.452884
12 88 -0.089845
13 88 0.0347249
22 88 0.767854
23 88 0.778733
26 88 -0.418585
6 89 0.898843
8 89 0.89223
13 89 -0.368053
26 89 0.187201
30 89 0.805348
6 90 0.622796
7 90 0.159331
12 90 -0.0545594
13 90 0.642519
14 90 0.159349
26 90 0.33429
6 91 0.376404
7 91 0.420157
12 91 0.366365
13 91 0.11858
14 91 0.305159
28 91 0.119923
30 91 0.375832
6 92 -0.510401
7 92 0.452248
13 92 2.17804
14 92 0.944286
6 93 -0.668894
7 93 0.58793
8 93 0.455179
13 93 -0.103203
14 93 0.143878
23 93 -0.0994774
26 93 -0.172287
29 93 0.748439
30 93 1.90156
6 94 -0.369111
23 94 0.195674
26 94 1.1705
30 94 0.190177
33 94 0.769756
6 95 0.575425
7 95 1.56898
12 95 0.0599336
13 95 -0.225153
26 95 -0.184443
33 95 0.14718
4 96 0.476539
6 96 0.123429
12 96 0.289317
13 96 0.173509
14 96 0.251659
19 96 0.270862
21 96 0.480105
23 96 0.276479
26 96 -0.483969
33 96 0.638461
4 97 0.486442
6 97 0.69408
13 97 -0.179501
19 97 0.264383
21 97 0.498942
24 97 0.566341
26 97 0.102482
29 97 0.250724
6 98 0.909262
8 98 0.497177
26 98 0.292033
33 98 0.647566
6 99 1.13958
13 99 1.35244
26 99 -0.658009
6 100 0.500129
7 100 -0.114668
13 100 0.0806468
14 100 0.676657
19 100 0.453133
26 100 0.589797
30 100 0.283783
6 101 0.759059
12 101 -0.195171
13 101 0.387016
26 101 -0.0670133
32 101 0.521197
33 101 -0.157604
6 102 0.12682
12 102 0.5841
13 102 -0.567166
14 102 0.470298
26 102 0.96487
6 103 1.09495
12 103 0.114368
13 103 -0.626477
26 103 0.376486
32 103 0.666897
4 104 0.492098
6 104 0.517456
12 104 0.384887
14 104 0.264241
15 104 0.602665
17 104 0.440607
26 104 -0.0188282
13 105 1.50622
26 105 1.36212
30 105 1.08956
34 105 0.507353
6 106 0.447423
7 106 0.719857
12 106 0.0207242
13 106 0.0150487
20 106 0.587931
26 106 -0.215388
30 106 0.215435
33 106 0.0784988
6 107 -0.256593
13 107 1.80851
14 107 0.482052
19 107 0.528033
20 108 0.940649
26 108 1.34898
33 108 1.06243
35 108 0.503805
6 109 0.387491
13 109 0.704874
22 109 0.519322
26 109 -0.343242
31 109 0.559129
33 109 0.0956713
6 110 0.763918
7 110 0.539674
12 110 0.497084
26 110 -0.132615
29 110 0.170067
6 111 0.590567
11 111 0.561611
13 111 0.555562
20 111 0.318029
26 112 0.71474
6 113 0.749685
7 113 0.536208
13 113 -0.044453
23 113 0.487684
26 113 -0.0507433
27 113 0.678829
6 114 -1.22813
26 114 1.15381
27 114 1.34203
28 114 1.29749
30 114 1.263
4 115 0.495795
6 115 0.402576
12 115 0.401588
14 115 0.269859
15 115 0.603449
17 115 0.448258
26 115 0.0271348
6 116 -0.111034
8 116 0.400497
12 116 0.256523
13 116 0.197636
17 116 0.283174
19 116 0.36101
23 116 0.183831
26 116 -0.328378
30 116 0.869775
6 117 0.680572
12 117 0.2256
28 117 0.750271
31 117 1.13796
6 118 0.762874
12 118 -0.111529
26 118 -0.484604
28 118 0.817718
30 118 0.990621
26 119 1.55185
33 119 1.31264
2 120 0.669523
3 120 1.1324
6 120 0.300255
12 120 0.39858
27 120 1.58103
28 120 1.26812
6 121 0.438238
12 121 0.13083
13 121 -0.380742
17 121 0.0171117
21 121 0.690268
26 121 -0.409482
31 121 0.983617
20 122 0.950754
26 122 1.44691
33 122 1.13192
6 123 -0.0307195
26 123 0.305196
33 123 1.43382
35 123 0.377176
6 124 0.507022
13 124 0.485216
14 124 0.203389
26 124 0.427028
6 125 0.259841
7 125 -0.0350068
13 125 0.369483
26 125 0.0428997
29 125 0.332145
30 125 0.321037
33 125 0.283486
6 126 0.401
9 126 0.359683
13 126 -0.103362
23 126 0.264357
27 126 1.39277
30 126 0.728269
7 127 1.07592
26 127 1.61354
6 128 0.561999
9 128 0.592083
25 128 0.202405
26 128 0.262096
33 128 0.584975
6 129 0.955987
26 129 -0.0100186
6 130 0.776996
12 130 0.686294
28 130 0.583587
6 131 0.232808
12 131 0.119245
13 131 -0.219138
17 131 0.542449
20 131 0.971112
23 131 0.186204
26 131 0.0208791
7 132 -0.0479698
13 132 -0.0745356
24 132 0.553644
26 132 0.585811
29 132 1.28829
30 132 2.08592
6 133 0.0993577
13 133 0.225272
26 133 0.562242
33 133 0.575071
26 134 1.8924
6 135 1.29807
6 136 0.79056
12 136 0.437499
13 136 -0.0172665
6 137 0.0849869
7 137 0.368383
12 137 0.29682
13 137 -0.0110573
17 137 0.31475
26 137 0.18783
30 137 0.0791958
6 138 0.619525
13 138 0.503761
33 138 0.646093
6 139 0.580596
7 139 0.27822
13 139 0.129767
22 139 0.697512
26 139 -0.272156
6 140 0.698591
12 140 0.236634
26 140 0.207351
6 141 0.262234
12 141 -0.12783
19 141 0.904407
23 141 0.302536
26 141 -0.281617
31 141 0.560037
33 141 0.668014
6 142 0.256478
12 142 0.193528
26 142 0.791319
33 142 0.1548
12 143 0.074568
26 143 0.577295
29 143 0.406476
33 143 1.53466
2 144 0.671918
6 144 0.171499
12 144 0.778035
26 144 -0.0553235
30 144 1.32576
6 145 -0.947399
12 145 2.00673
26 145 -0.881587
28 145 0.418402
32 145 0.511459
33 145 0.90991
6 146 -0.350359
12 146 0.727221
13 146 0.051507
14 146 0.213335
23 146 0.398685
26 146 0.479147
30 146 0.0286167
15 147 0.636462
17 147 3.63605
6 148 0.7745
10 148 0.580701
12 148 0.332599
26 148 -0.102847
6 149 -1.18579
7 149 0.570657
13 149 1.83659
26 149 0.302902
30 149 0.326957
6 150 -1.18003
7 150 1.41657
12 150 1.40365
14 150 2.71928
30 150 -0.126943
6 151 0.499092
12 151 0.143704
26 151 1.08875
6 152 0.141372
12 152 -0.100544
13 152 -0.194531
26 152 1.01457
33 152 -0.0230028
6 153 0.207985
9 153 0.602491
12 153 0.135841
13 153 1.02405
6 154 1.73596
33 154 0.278177
6 155 0.136765
9 155 0.526088
12 155 0.080044
13 155 0.377059
14 155 0.222871
6 156 0.88012
12 156 0.373182
26 156 0.0232271
6 157 0.36712
7 157 0.135974
12 157 0.397587
14 157 0.233373
26 157 0.18329
33 157 0.304153
6 158 0.746741
7 158 0.0722939
26 158 -0.539777
33 158 0.464553
6 159 0.0184699
7 159 0.315498
13 159 -0.312224
23 159 1.69659
26 159 -0.0518443
29 159 0.517827
6 160 0.408601
7 160 0.199545
12 160 0.165749
26 160 0.332452
6 161 -0.0535109
12 161 -0.323007
13 161 -0.0598164
17 161 0.369704
26 161 0.759735
33 161 0.372524
22 162 0.521347
23 162 0.96637
26 162 1.55013
6 163 0.513175
12 163 0.413066
20 163 0.997995
23 163 0.126071
26 163 0.0447853
23 164 1.2118
26 164 1.12595
29 164 0.787413
6 165 0.446014
12 165 0.774461
26 165 -0.309662
29 165 0.848612
6 166 0.881209
26 166 0.0266617
30 166 0.319356
35 166 0.522471
6 167 -0.382564
12 167 -0.143214
13 167 0.148479
23 167 0.019983
24 167 1.02774
25 167 0.579663
26 167 -0.654816
33 167 0.69803
35 167 0.171075
6 168 -0.189721
13 168 0.24147
17 168 0.366796
24 168 1.01935
26 168 0.332774
29 168 0.330528
33 168 0.222411
6 169 -0.154499
7 169 0.100175
8 169 0.554262
13 169 -0.139433
26 169 0.52391
27 169 0.0963858
32 169 0.665357
33 169 0.268472
6 170 0.580035
7 170 0.743319
26 170 -0.070757
6 171 0.407041
7 171 0.0502905
12 171 -0.122394
13 171 -0.0703319
17 171 0.225446
26 171 0.0150158
32 171 0.512205
33 171 0.2914
6 172 -0.150435
12 172 0.324567
13 172 -0.175729
24 172 0.474546
26 172 0.510834
29 172 0.325459
30 172 0.15921
6 173 0.11532
20 173 0.320416
23 173 1.24983
26 173 -1.22358
29 173 0.305163
33 173 0.846148
4 174 0.513013
6 174 0.823141
26 174 0.304692
26 175 1.42478
35 175 0.873799
6 176 -0.0741301
8 176 0.87021
12 176 0.243308
23 176 0.531902
24 176 0.606331
26 176 -0.664051
29 176 0.0826815
33 176 0.0316134
6 177 0.360819
12 177 0.616852
13 177 -0.116823
26 177 0.0861291
13 178 2.73289
6 179 0.989481
26 179 0.820585
6 180 1.03813
12 180 0.294357
6 181 0.785867
12 181 0.194105
14 181 0.534031
6 182 0.0587065
12 182 0.259226
26 182 0.956353
4 183 1.01407
6 183 0.154415
16 183 0.5587
30 183 0.584043
33 183 0.307042
6 184 0.0375764
7 184 0.671758
11 184 0.648415
12 184 -0.183298
14 184 0.266744
19 184 0.499132
26 184 0.0265769
6 185 -0.163081
23 185 0.442969
24 185 0.529299
26 185 0.405825
27 185 0.0786651
28 185 0.744647
29 185 0.18245
5 186 0.613202
6 186 0.242246
13 186 0.0321973
26 186 0.387486
4 187 0.575635
6 187 0.0652608
13 187 0.270043
17 187 0.776356
19 187 0.475509
22 187 0.468315
12 188 1.34071
26 188 -0.758394
32 188 0.662287
33 188 2.69898
6 189 -0.576732
12 189 0.282796
15 189 0.602546
23 189 0.33495
26 189 -0.354312
33 189 1.33699
11 190 1.26745
23 190 1.2838
26 190 0.178217
29 190 1.32236
6 191 -0.315461
12 191 0.618854
26 191 0.636017
32 191 0.504445
33 191 0.994187
6 192 -0.152761
26 192 0.694295
33 192 1.01585
6 193 -0.508873
12 193 -0.0496364
13 193 0.0911853
19 193 0.425633
23 193 0.328749
26 193 0.00317106
29 193 0.0490663
32 193 0.500565
33 193 -0.0509504
34 193 0.523951
6 194 0.0416872
19 194 0.777928
20 194 0.606446
23 194 0.191748
29 194 0.383664
33 194 0.576354
23 195 0.464693
26 195 1.81447
30 195 0.701326
6 196 0.137974
12 196 -0.0991029
13 196 -0.0953681
25 196 0.19106
26 196 -0.103859
33 196 0.546476
6 197 0.37549
13 197 0.646387
26 197 0.43616
4 198 0.496356
6 198 0.404153
12 198 0.157512
21 198 0.505122
26 198 0.253629
6 199 0.789954
12 199 -0.0842017
13 199 0.158614
24 199 0.463555
30 199 0.190709
6 200 0.614284
7 200 0.427385
12 200 0.0175188
26 200 0.384247
12 201 0.853763
24 201 0.621993
26 201 0.519776
33 201 1.91443
6 202 0.213261
13 202 0.122581
23 202 0.437446
26 202 0.870559
33 202 -0.0331706
4 203 0.520807
6 203 0.0472008
7 203 0.42683
17 203 0.747798
19 203 0.328032
26 203 -0.113765
6 204 0.670948
17 204 0.237403
23 204 0.252368
26 204 0.979257
29 204 0.15278
33 204 -0.126763
3 205 1.13231
6 205 -1.14819
7 205 0.754069
8 205 0.492682
12 205 0.304737
13 205 -0.0542252
26 205 -0.606475
30 205 0.587171
35 205 0.373386
4 206 0.521384
6 206 0.144092
7 206 0.0630933
13 206 0.199456
26 206 -0.0814028
33 206 0.156494
34 206 0.543417
6 207 -0.527236
7 207 1.53226
13 207 -0.012547
26 207 -0.102459
29 207 0.177867
33 207 0.140225
6 208 0.134423
8 208 0.910115
13 208 -0.141791
26 208 -0.319929
28 208 0.609513
33 208 0.454876
6 209 0.362862
12 209 0.0746524
19 209 0.363396
26 209 0.530826
33 209 0.347882
6 210 -0.550608
7 210 2.28626
26 210 -0.462725
30 210 -0.0598576
6 211 0.135065
7 211 1.71339
26 211 0.247925
6 212 0.241286
12 212 0.734335
13 212 0.0240503
6 213 0.590393
16 213 0.747557
26 213 0.471351
33 213 -0.0706368
6 214 0.171002
12 214 0.425548
13 214 0.127445
26 214 0.164691
30 214 0.285089
4 215 0.474385
6 215 -0.731105
12 215 0.0934758
13 215 -0.119294
16 215 0.558633
26 215 -0.147848
29 215 0.399373
30 215 0.332697
33 215 0.267255
6 216 -0.259956
12 216 0.05418
17 216 0.134607
19 216 0.501303
26 216 -0.313767
29 216 0.696987
33 216 0.337587
6 217 0.679001
26 217 0.549043
8 218 0.850301
13 218 0.318102
14 218 1.14179
23 218 0.308574
26 218 -0.632855
34 218 1.04678
35 218 1.21453
6 219 -0.367763
26 219 0.216153
28 219 0.869381
33 219 0.923795
6 220 0.512191
21 220 0.713645
26 220 -0.124452
29 220 0.275989
6 221 -0.0264363
12 221 0.286493
26 221 -0.161244
28 221 1.1277
33 221 0.0720614
6 222 0.125725
12 222 0.482382
26 222 0.376608
33 222 -0.243641
6 223 0.826372
12 223 0.284374
13 223 -0.259413
6 224 0.41303
8 224 0.933816
13 224 -0.146763
26 224 -0.150041
6 225 -0.211425
7 225 1.28447
26 225 -0.103073
33 225 0.443799
6 226 1.21321
12 226 0.880075
30 226 0.75774
6 227 0.591708
12 227 0.358251
26 227 -0.303087
33 227 0.336476
7 228 1.91703
8 228 1.01467
11 228 0.599405
16 228 0.751309
26 228 -0.464734
29 228 0.587874
5 229 0.606917
6 229 0.434566
26 229 0.83631
2 230 0.672731
4 230 1.05238
6 230 -0.0773939
26 230 0.0927731
30 230 0.585119
5 231 0.683876
6 231 -0.19496
13 231 0.29321
20 231 0.343768
23 231 0.599088
26 231 -0.413785
29 231 0.164338
6 232 -0.665563
13 232 -0.100172
15 232 0.649451
17 232 1.13275
22 232 0.795508
26 232 -0.311722
6 233 -0.000378082
10 233 0.594201
13 233 0.0942949
23 233 0.49504
26 233 0.115208
6 234 0.340138
23 234 0.385895
31 234 0.612714
33 234 0.320274
6 235 0.408543
13 235 -0.0241687
26 235 0.231958
27 235 0.739057
22 236 0.531461
23 236 0.286686
26 236 0.998993
6 237 -0.246423
13 237 0.00217735
24 237 0.851135
26 237 0.328963
6 238 0.354401
25 238 0.600074
26 238 0.0229061
6 239 -0.0822889
12 239 1.54984
24 239 1.38773
26 239 -0.823818
6 240 -1.58079
7 240 0.681009
8 240 0.517884
11 240 0.643849
13 240 0.860906
25 240 1.18885
26 240 -0.226392
6 241 0.495719
12 241 0.267031
13 241 0.00930702
6 242 -0.228547
7 242 0.214052
13 242 0.143068
23 242 0.757206
24 242 0.458295
26 242 -0.111514
6 243 0.277473
12 243 0.219628
13 243 -0.224684
14 243 0.390033
6 244 0.36302
12 244 0.0207159
13 244 -0.0391917
26 244 0.0623126
6 245 0.890149
12 245 0.358841
6 246 0.525682
14 246 0.420974
26 246 0.268886
6 247 0.382824
13 247 0.251739
20 247 0.334112
23 247 0.245394
26 247 -0.38683
33 247 0.337451
6 248 -0.649026
7 248 0.905705
26 248 0.249515
30 248 0.583601
31 248 0.609363
6 249 -0.283459
7 249 0.381179
12 249 0.424901
26 249 0.696341
6 250 -0.199522
12 250 0.0844207
13 250 0.486793
26 250 0.180335
27 250 0.652059
6 251 -0.702209
9 251 0.627393
13 251 0.891521
21 251 1.22608
30 251 1.10767
26 252 0.184087
27 252 0.179841
29 252 0.625552
33 252 0.0611254
34 252 0.398936
6 253 0.404222
13 253 0.266872
26 253 -0.712962
28 253 1.07852
31 253 0.522761
6 254 0.74647
13 254 0.157342
26 254 -0.529844
6 255 0.477466
12 255 0.456658
14 256 0.541027
26 256 0.42982
30 256 1.04662
34 256 0.588047
6 257 -0.207719
13 257 0.429395
23 257 0.161366
26 257 -0.277753
33 257 0.459858
6 258 0.137143
12 258 0.636235
13 258 0.211838
26 258 -0.270138
6 259 -0.591982
26 259 -0.14444
27 259 1.4361
31 259 0.590263
6 260 -0.370282
8 260 0.573642
13 260 0.147551
26 260 0.294235
28 260 0.83076
6 261 0.0402596
13 261 0.606791
28 261 0.437364
6 262 0.146117
12 262 0.0236438
26 262 0.120903
29 262 0.236616
30 262 0.598515
32 262 0.521045
6 263 -0.49701
12 263 0.518536
18 263 0.69306
23 263 0.423886
26 263 -0.00575498
32 263 0.52928
26 264 0.550826
29 264 0.228134
33 264 0.563403
34 264 0.50461
6 265 -0.803298
13 265 0.25462
17 265 1.08773
22 265 0.998903
26 266 0.822122
30 266 0.697661
34 266 0.517204
6 267 -0.0114397
26 267 -0.0763267
33 267 0.736323
6 268 0.414914
13 268 -0.175358
26 268 -0.408531
33 268 0.615186
6 269 0.306803
27 269 0.741535
33 269 0.671397
6 270 0.128774
13 270 0.672094
33 270 0.0942138
6 271 0.129814
13 271 0.254526
26 271 -0.00505952
33 271 0.104075
6 272 0.699754
12 272 0.344423
6 273 0.291106
7 273 0.104138
13 273 -0.106855
16 273 0.741235
26 274 0.310388
6 275 0.432374
23 275 0.252379
29 275 -0.0662012
33 275 0.319811
6 276 0.593578
19 276 0.359909
25 276 0.190918
33 276 0.0991029
6 277 0.922435
13 277 -0.111507
6 278 0.0783612
28 278 0.827334
30 278 1.03048
6 279 0.157124
12 279 0.416946
26 279 -0.17309
35 279 0.554911
6 280 0.385945
13 280 0.272908
14 280 0.132471
6 281 0.324965
13 281 0.661865
6 282 0.31199
13 282 0.195628
26 282 -0.0756649
6 283 0.908149
8 283 0.614652
13 284 0.221115
26 284 0.904544
6 285 -0.153488
12 285 2.58649
6 286 0.235195
12 286 0.234651
14 286 0.169671
26 286 0.148196
6 287 0.0156713
13 287 0.270834
15 287 0.616057
6 288 0.622936
19 288 0.494013
6 289 0.152141
26 289 0.839784
6 290 -0.0201064
12 290 0.210272
33 290 0.245937
35 290 0.386343
6 291 0.11113
7 291 0.0988635
13 291 -0.00820863
33 291 0.688938
6 292 0.0474631
13 292 -0.0271752
21 292 0.709003
6 293 0.442065
12 293 0.264975
26 293 0.27105
6 294 -0.0848345
7 294 0.00385928
16 294 0.754561
26 294 0.106147
4 295 0.528715
6 295 0.342615
12 295 0.297535
5 296 0.615214
12 296 2.88938
5 297 0.700103
6 297 0.109948
13 297 0.176949
26 297 0.373198
6 298 0.187999
26 298 -0.029944
33 298 0.318939
6 299 0.349874
26 299 0.0690375
6 300 0.512938
26 300 0.0265384
26 301 0.850655
29 301 0.316276
6 302 -0.230368
13 302 -0.0590058
26 302 0.985967
6 303 0.909464
19 303 0.482467
13 304 1.21345
15 304 0.615916
6 305 0.753045
26 305 0.27982
6 306 0.252454
33 306 0.336728
6 307 0.594476
26 308 0.444196
31 308 1.07555
6 309 -0.0983281
13 309 0.522416
29 309 0.132818
33 309 0.179284
6 310 0.168235
13 310 0.381853
33 310 0.133834
6 311 0.384693
7 311 0.145213
6 312 -0.189473
26 312 0.283304
33 312 0.519668
6 313 -0.58729
7 313 0.617793
23 313 0.353589
29 313 0.71158
30 313 0.565834
6 314 -0.133569
7 314 0.438785
26 314 0.296286
33 314 0.192855
6 315 -0.109429
14 315 0.547051
15 315 0.604016
26 315 0.218986
33 315 0.313919
2 316 0.674549
6 316 -0.159761
13 316 0.217944
19 316 0.48676
26 316 0.14382
29 317 1.25108
23 318 0.792975
25 318 1.18711
6 319 0.272936
12 319 0.184657
13 319 0.401043
6 320 0.141478
13 320 0.013755
21 320 0.505104
30 320 0.293163
6 321 0.0691246
13 321 0.64049
33 321 0.166673
6 322 -0.300147
29 322 0.627958
33 322 0.5011
26 323 0.280077
6 324 0.067899
23 324 0.519094
26 324 -0.279347
29 324 0.798908
6 325 0.69167
26 325 0.217128
6 326 0.618611
19 326 0.347844
6 327 0.426449
13 327 0.290682
33 327 0.15201
26 328 0.979434
35 328 0.535108
22 329 2.38477
6 330 -0.119721
17 330 0.159719
20 330 0.349664
33 330 0.825551
12 331 0.433483
26 331 0.640656
6 332 -0.120529
23 332 0.513114
26 332 0.102832
33 332 0.572529
23 333 0.576742
26 333 0.771558
8 334 0.933457
10 334 0.656741
26 334 0.444185
12 335 0.433483
26 335 0.640656
6 336 0.478976
6 337 0.642319
26 337 0.0504436
6 338 -0.369183
13 338 1.16742
6 339 -0.516147
13 339 0.890258
26 339 -0.131165
6 340 -0.225645
13 340 -0.038644
26 340 0.494212
6 341 0.191232
26 341 0.0193593
33 341 0.255824
6 342 0.759986
23 342 0.423016
26 342 0.303682
6 343 -0.303426
7 343 0.442671
13 343 0.407114
26 343 0.236887
6 344 0.257335
29 344 0.875553
6 345 -0.4708
13 345 1.44324
6 346 0.481767
6 347 0.119204
21 347 0.710991
6 348 0.416344
16 348 0.950909
6 349 0.405753
26 349 0.0107301
33 349 0.0882213
26 350 0.247415
31 350 1.08097
6 351 0.200902
12 351 0.241429
6 352 0.440779
13 352 0.257016
34 352 0.556698
6 353 0.277362
26 353 0.275968
33 353 0.39446
12 354 0.469617
26 354 0.478164
6 355 0.377705
26 356 0.513115
33 356 0.677002
26 357 0.222779
6 358 0.356919
6 359 -0.123991
13 359 0.170149
30 359 0.624781
6 360 -0.00787256
13 360 0.135052
28 360 0.634728
6 361 -0.0527396
16 361 0.410134
26 361 0.185052
12 362 1.25713
32 362 0.680493
33 362 0.29546
12 363 0.950713
32 363 0.525116
33 363 1.02717
6 364 0.0683178
12 364 0.103165
13 364 0.0672357
6 365 0.0783451
12 365 0.291773
26 365 0.0436955
29 365 0.190822
6 366 -0.0337284
12 366 0.321099
26 366 -0.045998
35 366 0.52855
6 367 0.193057
26 367 -0.0400982
30 367 0.313775
6 368 -0.0520625
14 368 0.553531
15 368 0.605765
26 368 -0.0221475
33 368 0.341767
6 369 -0.478986
12 369 -0.0163092
30 369 0.735492
31 369 0.623433
26 370 0.583282
33 370 0.435689
19 371 2.64023
6 372 0.532184
8 372 0.56864
26 372 0.235583
6 373 0.376263
26 373 0.158085
2 374 0.678704
6 374 -0.0101481
19 374 0.535607
26 374 -0.113061
6 375 0.0765855
26 375 0.98931
32 375 0.527562
6 376 0.0515424
13 376 0.0701771
26 376 0.0514394
6 377 0.40518
6 378 -0.019544
13 378 0.611686
6 379 0.975789
6 380 1.00009
17 381 0.664305
26 381 0.565879
6 382 0.1998
30 382 0.314129
23 383 0.805758
24 383 0.480492
23 384 0.805758
24 384 0.480492
28 385 0.844409
30 385 1.0708
26 386 0.587277
33 386 0.346215
6 387 -0.210397
26 387 -1.14131e-05
33 387 0.553519
6 388 0.329335
29 388 0.405542
12 389 0.953877
26 389 0.497457
6 390 0.235694
23 390 0.540504
12 391 0.0216061
20 391 0.611102
26 391 0.49361
23 392 0.821398
25 392 0.584799
6 393 0.233518
6 394 0.0579886
12 394 0.331594
6 395 -0.139404
13 395 0.362869
6 396 0.577621
26 397 0.637039
6 398 0.192148
33 398 0.493389
26 399 -0.134266
33 399 0.551929
6 400 0.233231
6 401 0.313048
6 402 0.257601
7 402 0.249239
6 403 -0.123071
13 403 0.414462
26 403 -0.228199
33 403 0.367116
33 404 1.05828
13 405 0.570607
34 405 0.552567
35 405 0.539633
6 406 0.205539
26 406 0.556149
7 407 0.748371
13 407 0.599976
33 408 1.15636
6 409 0.0209745
14 409 0.209499
26 409 0.401875
7 410 0.568458
26 410 -0.112635
33 410 0.622806
6 411 0.0113228
33 411 0.503506
35 411 0.556724
6 412 -0.189799
12 412 0.332179
26 412 -0.177671
33 412 0.339364
6 413 -0.278311
12 413 0.699927
6 414 0.362521
6 415 0.206674
13 416 0.792393
6 417 0.401044
26 418 1.08583
6 419 0.104287
7 419 0.0622294
11 419 0.672084
6 420 0.424469
13 420 0.0874509
26 420 0.0332145
6 421 -0.0220412
26 421 0.192705
33 421 0.274872
26 422 0.0712022
6 423 -0.104798
9 423 0.934424
26 423 0.037875
6 424 -0.166597
13 424 0.434854
33 424 0.25396
6 425 0.117469
35 425 0.273572
20 426 1.66028
6 427 0.0542692
29 427 0.612487
21 428 1.23731
26 429 0.692332
28 429 1.11344
26 430 0.390298
6 431 0.255544
26 432 0.309063
33 432 0.315593
6 433 0.100028
26 433 0.397523
6 434 0.100028
26 434 0.397523
6 435 0.28939
33 435 0.427442
6 436 -0.00752846
26 436 0.37674
6 437 0.153481
12 437 0.154688
12 438 0.48334
26 438 0.254429
12 439 0.423073
33 439 0.769808
6 440 0.345856
7 440 0.265512
6 441 0.138837
17 441 0.224042
6 442 -0.29771
12 442 0.425828
26 442 0.152249
6 443 0.183085
26 443 0.192895
26 444 -0.126625
35 444 0.537202
6 445 0.555116
6 446 0.228508
28 446 0.447078
5 447 0.616565
26 447 0.781842
6 448 0.29285
6 449 0.0263263
26 449 0.081489
26 450 0.378152
30 450 0.315511
6 451 0.208354
6 452 0.319282
6 453 0.198876
6 454 -0.0168101
13 454 0.423529
6 455 -0.0462813
7 455 0.602684
26 455 -0.0298688
5 456 0.612841
6 456 -0.395486
9 456 0.953693
4 457 0.61515
6 457 -1.08428
9 457 1.24926
6 458 0.784367
30 458 0.302559
26 459 0.376401
26 460 0.376401
13 461 0.381183
26 461 0.0728042
6 462 0.150147
33 462 0.451138
6 463 -0.27863
7 463 0.17583
23 463 0.416287
26 463 0.227716
12 464 0.275982
13 464 0.300812
26 464 0.322158
6 465 0.154708
6 466 0.103933
6 467 0.428241
13 468 0.259131
6 469 0.568467
26 470 0.646162
26 471 0.870541
13 472 0.390479
26 473 0.167864
6 474 0.193985
25 475 0.60325
16 476 1.36779
12 477 0.606297
26 477 0.236254
12 478 0.334915
29 478 0.171316
13 479 0.664201
6 480 0.0914732
13 480 0.48353
6 481 0.0914732
13 481 0.48353
6 482 0.158714
26 483 0.519786
6 484 0.262333
13 485 1.298
13 486 1.02219
31 487 0.623072
32 487 1.07635
6 488 0.51501
6 489 0.154278
6 490 -0.131697
7 490 0.663077
13 490 0.0988238
6 491 -0.0246881
10 491 0.604247
12 491 0.407896
6 492 0.0797625
15 492 0.673874
6 493 0.0861615
17 493 0.0832245
30 493 0.297966
6 494 0.0617615
19 494 0.35526
4 495 0.532584
5 495 0.613462
6 495 -0.26544
13 496 0.204542
6 497 0.172217
6 498 -0.142649
9 498 0.944318
26 499 0.587899
26 500 0.221174
6 501 0.0500357
6 502 0.0785808
6 503 0.0752862
6 504 0.231998
26 505 0.307202
6 506 0.0731743
8 506 0.567732
23 506 0.531747
6 507 0.154708
23 508 0.319237
26 508 0.315544
14 509 1.32189
26 510 0.620285
26 511 0.591489
33 511 0.366455
26 512 0.591489
33 512 0.366455
23 513 0.364443
26 513 0.444812
10 514 0.657951
26 514 -0.131831
33 514 0.125935
6 515 0.390279
6 516 0.390279
6 517 0.0840115
12 517 0.125291
6 518 0.705207
10 519 0.605443
26 519 0.211359
6 520 -0.121648
26 520 0.331138
15 521 0.617397
30 521 0.338808
19 522 0.526229
26 522 0.122969
19 523 0.360367
26 523 0.138267
6 524 0.523756
13 525 0.204869
6 526 0.0940563
6 527 0.172286
6 528 0.191131
17 529 0.426295
6 530 0.436096
12 531 0.370449
17 532 0.269978
6 533 0.210585
26 534 0.263098
23 535 0.578431
6 536 0.341679
29 537 0.915461
6 538 0.0625309
26 539 -0.16121
35 539 0.538396
26 540 0.633881
29 541 0.0881934
33 541 0.282291
26 542 0.0252945
34 542 0.517391
4 543 0.536473
6 543 -0.0705004
29 544 0.2404
34 544 0.554235
13 545 0.135009
26 545 0.150226
6 546 -0.0445843
8 546 0.583326
6 547 -0.0194798
13 547 0.132481
26 548 0.0752274
6 549 0.0449228
13 549 0.0780396
26 550 0.469888
7 551 0.796169
26 552 0.272521
6 553 0.066804
13 553 -0.00821408
6 554 0.0562343
33 555 0.401428
26 556 0.0982501
33 556 0.138998
26 557 0.13893
6 558 0.0351475
13 558 0.335938
6 559 0.0934739
6 560 0.130633
6 561 0.130633
6 562 0.033688
26 562 0.154626
6 563 0.106173
6 564 0.0863349
6 565 -0.0396531
26 565 0.156832
6 566 -0.0655567
8 566 0.630937
6 567 0.253113
6 568 -0.0165793
33 568 0.266441
31 569 0.627825
32 569 0.538851
6 570 0.206357
6 571 -0.0593896
12 571 0.337747
26 572 0.353852
6 573 -0.000346817
13 573 0.0817201
6 574 0.117445
12 575 0.270957
26 576 0.0383673
33 577 0.232068
33 578 0.286838
26 579 0.400675
26 580 0.305088
6 581 0.109859
6 582 0.12924
33 583 0.267149
26 584 0.0501664
6 585 0.136151
6 586 0.0438387
6 587 0.346384
10 588 0.606786
26 589 0.126434
26 590 0.24609
12 591 0.555898
6 592 0.468308
6 593 0.134605
6 594 0.0491277
26 595 0.163316
26 596 0.279108
4 597 0.538336
5 598 0.622938
13 599 0.615807
26 600 0.559636
19 601 0.562406
6 602 0.0587175
14 603 0.709086
13 604 0.361124
13 605 0.361124
35 606 0.5399
35 607 0.5399
13 608 0.677445
33 609 0.33104
33 610 0.33104
33 611 0.33104
29 612 0.274083
6 613 0.190591
29 614 0.408099
26 615 0.0135536
6 616 0.0608916
12 617 0.556989
7 618 0.567906
6 619 0.175927
13 620 0.0785596
6 621 0.576175
26 622 0.0943465
6 623 0.341636
6 624 0.0670946
6 625 0.0928083
9 626 0.695859
6 627 0.192541
6 628 0.0655647
26 629 0.0839977
13 630 0.045424
26 631 0.0995168
6 632 0.360339
6 633 0.0882813
26 634 0.120357
13 635 0.151224
6 636 0.149154
6 637 0.149154
29 638 0.507731
13 639 0.654089
29 640 0.507731
7 641 0.498061
13 642 0.39333
26 643 0.151331
6 644 0.131885
12 645 0.0586378
12 646 0.488827
6 647 0.0993169
6 648 0.186277
6 649 0.0748712
6 650 0.137763
5 651 0.62854
26 652 0.0122645
32 653 0.537384
26 654 0.338618
26 655 0.505439
6 656 0.136753
26 657 0.0238477
12 658 0.548708
13 659 0.0473008
13 660 0.0650102
6 661 0.0693892
6 662 0.157204
13 663 0.0650102
6 664 0.25769
19 665 0.59363
26 666 0.11009
6 667 0.0347395
6 668 0.138341
9 669 0.405011
9 670 0.629768
6 671 0.19947
26 672 0.156057
6 673 0.0146498
30 674 0.188573
12 675 0.612665
17 676 0.0865457
17 677 0.0865457
13 678 0.412138
13 679 0.305261
6 680 0.106279
26 681 0.132934
13 682 0.103749
33 683 0.144137
29 684 0.0708444
26 685 0.251147
33 686 0.414534
26 687 0.111658
26 688 0.182612
30 689 0.375161
12 690 0.399583
13 691 0.0142939
12 692 0.397836
6 693 0.210851
6 694 0.210851
6 695 0.300613
6 696 0.300613
26 697 0.149039
6 698 0.300613
18 699 0.699771
6 700 0.161245
13 701 0.18996
26 702 0.646416
10 703 0.665462
6 704 0.0875588
6 705 0.0733631
6 706 0.0437186
26 707 0.321615
6 708 0.154196
6 709 0.0233187
6 710 0.0493679
